0019543679247
224664389298
224664082969
224624624632
224657787609
224657824475
224669089522
224664692340
224669393405
224621793103
224621289920
224623626256
224666852774
224662028371
224664426924
224628048592
224669336838
224660027402
224622047237
224669624467
224622076070
224628512177
224666813504
224662324816
224666730553
224655244386
224660006154
224662411099
224656216341
224666651447
224662411099
224662411099
224662411099
224662411099
224666730553
224662411099
224662324816
224656216341
224666651447
224666730553
224662411099
224657104344
224662411099
224660006148
0019543679247
0019543679247
0019543679247
0014124143701
0014122543042
0019543679247
0014122543042
0019543679247
001302
0014122543042
0019543679247
0014122543042
0019543679247
0014124143701
0019543679247
